============================================================
相机标定结果
============================================================

棋盘格参数:
  内角点数: 9 x 6
  方格边长: 0.02 米

内参矩阵 K:
4446.30120989 0.00000000 1407.87303742
0.00000000 4425.80751334 1040.50861275
0.00000000 0.00000000 1.00000000

畸变系数:
-0.02300230 1.38833288 0.01082372 0.01054712 -17.37362113

平均重投影误差: 

有效图片序号: [1, 2, 3, 4, 5, 6, 7, 8, 9, 10]

每张图像的外参矩阵 (标定板→相机):

图片 1:
-0.99753385 0.06581732 0.02437818 0.12510943
-0.06718692 -0.79498232 -0.60290051 -0.01336514
-0.02030108 -0.60305156 0.79744384 1.02209045
0.00000000 0.00000000 0.00000000 1.00000000

图片 2:
-0.88427966 0.21325412 -0.41541806 0.09447437
0.17602844 -0.67176032 -0.71954990 -0.10577937
-0.43250835 -0.70940874 0.55648519 0.91400055
0.00000000 0.00000000 0.00000000 1.00000000

图片 3:
-0.27358940 0.91319497 -0.30203277 -0.00763705
-0.58834939 -0.40730222 -0.69853410 -0.05633037
-0.76091645 -0.01341073 0.64871127 1.31496884
0.00000000 0.00000000 0.00000000 1.00000000

图片 4:
-0.84139902 -0.52338587 -0.13459170 0.21663617
0.49801285 -0.65424581 -0.56916221 -0.08956760
0.20983540 -0.54592092 0.81113467 1.32258214
0.00000000 0.00000000 0.00000000 1.00000000

图片 5:
-0.30481773 -0.93828684 -0.16341343 0.04136308
0.74548185 -0.12826858 -0.65406726 -0.13704061
0.59274190 -0.32119304 0.73857435 1.08511084
0.00000000 0.00000000 0.00000000 1.00000000

图片 6:
0.12020761 -0.98567858 -0.11827031 0.04710533
0.64773243 0.16815479 -0.74307917 -0.19144206
0.75232494 0.01271626 0.65866947 0.98522394
0.00000000 0.00000000 0.00000000 1.00000000

图片 7:
-0.97934935 -0.17865440 -0.09464382 0.08782986
0.17750935 -0.98390659 0.02045115 0.00914627
-0.09677437 0.00322866 0.99530111 1.15430599
0.00000000 0.00000000 0.00000000 1.00000000

图片 8:
-0.94029418 0.16097227 0.29989127 -0.01866809
-0.15070200 -0.98692130 0.05722991 -0.04012832
0.30518151 0.00861874 0.95225520 1.09894885
0.00000000 0.00000000 0.00000000 1.00000000

图片 9:
-0.92072161 0.25759975 0.29311105 0.04087555
-0.20433021 -0.95819760 0.20026614 -0.03227144
0.33244682 0.12449792 0.93486864 1.16680545
0.00000000 0.00000000 0.00000000 1.00000000

图片 10:
-0.70021703 -0.50758940 -0.50204493 0.22084349
0.41183949 -0.86159851 0.29670901 -0.07100600
-0.58316751 0.00099877 0.81235131 1.28860738
0.00000000 0.00000000 0.00000000 1.00000000
