Robot Pose for Image 1:
-0.83030740 -0.55697528 -0.02030135 0.75593803
0.45450907 -0.65557478 -0.60305159 0.59690262
0.32257578 -0.50994535 0.79744382 -0.84887663
0.00000000 0.00000000 0.00000000 1.00000000

Robot Pose for Image 2:
-0.85383791 -0.28971182 -0.43250856 1.10599433
0.52058125 -0.47513819 -0.70940872 0.54308141
0.00002276 -0.83087590 0.55648505 -0.51508306
0.00000000 0.00000000 0.00000000 1.00000000

Robot Pose for Image 3:
0.05724896 -0.64633364 -0.76091649 1.50716002
0.99452172 0.10387828 -0.01341048 -0.10271263
0.08771033 -0.75598024 0.64871122 -0.87863669
0.00000000 0.00000000 0.00000000 1.00000000

Robot Pose for Image 4:
-0.97770106 0.01058010 0.20983510 0.54240333
-0.12613470 -0.82830610 -0.54592117 0.84175755
0.16803179 -0.56021519 0.81113458 -1.09962822
0.00000000 0.00000000 0.00000000 1.00000000

Robot Pose for Image 5:
-0.63674124 0.49320010 0.59274176 -0.00126171
-0.74845499 -0.58024949 -0.32119328 0.48004430
0.18552555 -0.64815753 0.73857436 -0.88522574
0.00000000 0.00000000 0.00000000 1.00000000

Robot Pose for Image 6:
-0.21977626 0.62106739 0.75232493 -0.14698981
-0.93771632 -0.34723249 0.01271600 0.17697323
0.26912914 -0.70267268 0.65866950 -0.79057510
0.00000000 0.00000000 0.00000000 1.00000000

Robot Pose for Image 7:
-0.93691243 -0.33596635 -0.09677451 0.80852475
0.33725343 -0.94143173 0.00322860 0.03424503
-0.09219129 -0.02961262 0.99530109 -1.14996273
0.00000000 0.00000000 0.00000000 1.00000000

Robot Pose for Image 8:
-0.73897631 -0.60068153 0.30518129 0.23884831
0.63289046 -0.77422180 0.00861852 -0.07082010
0.23110102 0.19951521 0.95225527 -1.09071571
0.00000000 0.00000000 0.00000000 1.00000000

Robot Pose for Image 9:
-0.69521045 -0.63733889 0.33244656 0.23787933
0.70221104 -0.70103014 0.12449780 -0.22437621
0.15370776 0.31999981 0.93486876 -1.14639613
0.00000000 0.00000000 0.00000000 1.00000000

Robot Pose for Image 10:
-0.81234339 0.00654491 -0.58316757 1.52792572
-0.00877353 -0.99998301 0.00099849 0.10048878
-0.58315113 0.00592755 0.81235127 -0.87308873
0.00000000 0.00000000 0.00000000 1.00000000

